
-------------------------------------------------------------------------
|   84   |   0    |   67   |   41   |   32   |   82   |   14   |   84   |  
-------------------------------------------------------------------------
|   58   |   0    |   46   |   12   |   39   |   55   |   77   |   53   |  
-------------------------------------------------------------------------
|   75   |   77   |   59   |   46   |   92   |   28   |   68   |   71   |  
-------------------------------------------------------------------------
|   78   |   50   |   68   |   12   |   4    |   7    |   0    |   12   |  
-------------------------------------------------------------------------
|   0    |   34   |   9    |   66   |   99   |   21   |   37   |   53   |  
-------------------------------------------------------------------------
|   93   |   7    |   0    |   12   |   84   |   80   |   26   |   75   |  
-------------------------------------------------------------------------
|   82   |   0    |   0    |   48   |   68   |   8    |   98   |   30   |  
-------------------------------------------------------------------------
|   19   |   3    |   0    |   98   |   26   |   10   |   86   |  2278  |  
-------------------------------------------------------------------------
Map name : 2
Map level : Hard
Path length : 46